URL,Email
"https://www.momjunction.com/articles/best-schools-in-nagpur_00397887/
",support@momjunction.com
"https://www.momjunction.com/articles/best-schools-in-nagpur_00397887/
",principal@isosindia.org
"https://www.momjunction.com/articles/best-schools-in-nagpur_00397887/
",principal@isosindia.org
"https://www.momjunction.com/articles/best-schools-in-nagpur_00397887/
",ambajharinagpurkv@gmail.com
"https://www.momjunction.com/articles/best-schools-in-nagpur_00397887/
",ambajharinagpurkv@gmail.com
"https://www.momjunction.com/articles/best-schools-in-nagpur_00397887/
",sxhscbsewarnagpur@gmail.com
"https://www.momjunction.com/articles/best-schools-in-nagpur_00397887/
",sxhscbsewarnagpur@gmail.com
"https://www.momjunction.com/articles/best-schools-in-nagpur_00397887/
",admissions@edifyschoolnagpur.com
"https://www.momjunction.com/articles/best-schools-in-nagpur_00397887/
",somalwaracademy@rediffmail.com
"https://www.momjunction.com/articles/best-schools-in-nagpur_00397887/
",info@modernschoolnagpur.org
"https://www.momjunction.com/articles/best-schools-in-nagpur_00397887/
",bvmskn@rediffmail.com
"https://www.momjunction.com/articles/best-schools-in-nagpur_00397887/
",cipsmanager274@gmail.com
"https://www.momjunction.com/articles/best-schools-in-nagpur_00397887/
",cipsmanager274@gmail.com
"https://www.momjunction.com/articles/best-schools-in-nagpur_00397887/
",royalgondwana@gmail.com
"https://www.momjunction.com/articles/best-schools-in-nagpur_00397887/
",royalgondwana@gmail.com
"https://www.momjunction.com/articles/best-schools-in-nagpur_00397887/
",lpswnngp1@gmail.com
"https://www.momjunction.com/articles/best-schools-in-nagpur_00397887/
",lpswnngp1@gmail.com
"https://www.momjunction.com/articles/best-schools-in-nagpur_00397887/
",info@dpsnagpur.com
"https://www.momjunction.com/articles/best-schools-in-nagpur_00397887/
",info@sanchetischool.com
"https://www.momjunction.com/articles/best-schools-in-nagpur_00397887/
",montfortnagpur@gmail.com
"https://www.momjunction.com/articles/best-schools-in-nagpur_00397887/
",bkvv_2006@yahoo.co.in
"https://www.momjunction.com/articles/best-schools-in-nagpur_00397887/
",bkvv_2006@yahoo.co.in
"https://www.momjunction.com/articles/best-schools-in-nagpur_00397887/
",kjpssaoner@gmail.com
"https://www.momjunction.com/articles/best-schools-in-nagpur_00397887/
",kjpssaoner@gmail.com
"https://www.momjunction.com/articles/best-schools-in-nagpur_00397887/
",jisnagpur@gmail.com
"https://www.momjunction.com/articles/best-schools-in-nagpur_00397887/
",jisnagpur@gmail.com
"https://www.momjunction.com/articles/best-schools-in-nagpur_00397887/
",neerimodskool@gmail.com
"https://www.momjunction.com/articles/best-schools-in-nagpur_00397887/
",neerimodskool@gmail.com
"https://www.momjunction.com/articles/best-schools-in-nagpur_00397887/
",admin@neerimodernschool.org
"https://www.momjunction.com/articles/best-schools-in-nagpur_00397887/
",admin@neerimodernschool.org
"https://www.momjunction.com/articles/best-schools-in-nagpur_00397887/
",cpskr@centrepointschools.com
"https://www.blossomschool.edu.in/
",info@blossomschool.edu.in
